6,119
7,119
9,119
11,119
13,119
15,119
17,119
20,119
22,119
24,119
25,119
27,119
29,119
30,119
31,119
32,119
34,119
35,119
36,119
37,119
38,119
39,119
40,119
41,119
42,119
43,119
44,119
45,119
47,119
48,119
49,119
50,119
51,119
52,119
54,119
55,119
57,119
58,119
60,119
61,119
62,119
64,119
66,119
68,119
70,119
71,119
73,119
75,119
76,119
77,119
79,119
80,119
81,119
82,119
84,119
85,119
86,119
87,119
88,119
89,119
89,122
91,124
91,126
91,128
92,130
93,133
93,135
93,137
94,139
94,140
95,142
95,144
96,145
96,147
96,148
96,150
96,152
96,154
97,157
97,159
97,161
97,163
97,165
98,167
98,168
98,170
98,172
98,174
98,176
98,177
98,179
98,181
99,184
99,186
99,189
99,191
99,194
99,196
99,198
99,199
99,200
99,201
100,201
102,201
103,201
105,201
106,201
109,201
111,201
113,201
114,201
117,201
119,201
121,201
123,201
125,201
126,201
128,201
129,201
131,201
132,201
133,201
135,201
136,201
138,201
139,201
140,201
142,201
143,201
145,201
146,201
148,201
150,201
152,201
155,201
157,201
159,201
161,201
163,201
166,201
167,201
169,201
172,202
174,202
176,202
178,202
180,202
182,202
183,203
185,203
187,203
188,203
190,203
191,204
192,204
194,204
195,204
196,204
197,205
199,206
200,206
201,206
202,206
203,206
203,207
204,207
204,208
204,207
204,204
204,196
204,192
204,186
204,182
204,177
204,169
204,160
204,152
204,145
203,140
202,136
200,129
200,121
200,113
200,107
199,103
198,102
198,101
198,100
198,99
198,98
197,98
197,97
196,96
196,95
196,94
196,92
196,90
196,87
196,86
196,84
196,83
196,81
196,79
196,76
196,74
196,73
196,72
196,71
199,71
201,71
204,72
208,72
212,72
217,73
221,73
227,73
232,73
237,73
242,73
246,73
250,73
253,73
257,73
258,73
261,73
263,73
264,73
267,73
269,73
272,73
275,73
277,73
278,73
280,73
281,73
283,73
285,73
286,73
288,73
290,73
291,73
292,73
294,73
295,73
296,73
297,73
295,77
295,81
295,92
295,102
295,114
295,124
295,135
295,146
295,158
297,169
299,180
299,190
301,201
302,211
303,222
303,229
305,236
306,239
306,242
306,244
306,245
306,246
307,246
308,246
312,245
317,244
328,244
337,243
344,241
349,241
353,239
356,238
359,237
361,236
363,236
365,236
368,236
370,236
372,236
374,236
375,236
376,236
377,236
379,236
382,236
383,236
385,236
386,236
387,236
388,236
389,236
390,236
391,236
392,236
393,236
395,236
396,236
397,236
398,236
399,234
397,224
395,213
391,202
388,197
384,191
382,182
382,174
381,163
378,154
377,145
377,139
377,133
377,126
377,116
377,106
377,97
377,91
377,87
377,83
376,80
376,78
376,76
376,74
376,72
376,70
376,69
376,68
376,67
375,67
375,66
375,64
375,62
375,59
375,57
375,56
375,55
375,54
375,52
375,50
375,49
375,47
375,45
375,44
375,43
375,41
375,39
375,37
376,37
378,37
380,37
382,37
385,37
387,37
390,37
393,37
397,37
400,37
404,37
408,37
411,37
414,37
416,37
418,38
420,38
421,38
422,38
423,38
424,39
425,39
426,39
427,39
428,39
430,39
431,39
432,40
433,40
433,41
434,41
436,41
437,41
439,41
441,41
444,41
445,41
446,41
447,41
448,41
447,39
448,39
449,39
450,39
451,39
452,39
453,39
454,39
455,39
456,39
458,39
459,39
460,39
461,39
463,39
464,39
465,40
466,40
467,40
468,40
469,40
469,41
469,42
470,42
470,43
471,45
470,49
470,52
470,55
470,58
470,61
470,63
470,64
470,68
470,69
470,71
470,73
470,74
470,75
470,77
470,79
470,80
470,81
470,83
470,84
470,85
470,87
470,88
470,91
470,92
470,93
470,94
470,96
470,98
470,99
470,100
470,101
470,103
470,105
470,106
470,108
470,110
471,113
471,115
471,116
471,118
473,118
474,118
477,118
481,118
489,118
499,118
510,118
520,118
528,118
534,118
541,118
546,118
550,118
551,119
552,119
