8,242
9,240
11,240
11,239
13,238
16,237
16,236
17,234
18,234
20,232
21,232
22,231
24,230
25,229
27,227
29,227
30,227
32,226
33,225
34,224
36,222
38,222
39,221
40,220
42,219
43,219
45,218
46,217
47,217
48,216
49,216
50,215
52,214
54,213
57,212
58,211
61,210
64,210
67,208
70,208
72,206
76,204
79,202
81,201
85,199
86,197
88,197
90,195
94,193
97,192
101,191
104,189
107,188
111,187
113,186
115,185
118,183
120,183
121,182
123,182
125,182
126,181
128,181
130,180
132,180
134,178
136,178
138,178
140,178
141,177
143,177
145,176
146,175
148,174
150,174
151,173
155,172
157,171
161,169
164,168
166,166
168,166
169,165
171,165
172,164
174,163
176,162
179,161
181,160
183,159
185,157
188,156
189,155
191,154
194,152
195,152
197,151
199,149
201,147
203,147
204,145
206,144
209,142
211,141
213,140
216,139
218,137
220,137
223,136
226,135
228,133
231,131
233,129
236,127
238,126
240,124
243,122
246,120
249,117
253,116
256,114
260,113
264,111
267,111
269,108
271,108
272,108
274,106
275,105
277,104
278,103
280,103
281,102
284,101
285,101
287,100
290,100
292,99
294,99
296,98
299,98
300,97
302,97
304,97
306,97
308,97
310,97
312,96
313,96
316,95
316,94
316,93
319,92
320,91
321,91
321,90
322,88
324,86
326,86
328,85
330,83
331,83
332,82
334,81
335,81
336,80
336,79
338,78
339,77
341,76
343,74
344,74
346,72
346,71
348,70
348,69
349,68
351,67
352,66
353,66
354,66
355,64
356,64
357,63
358,63
360,63
362,63
364,62
365,62
366,62
368,62
369,61
371,61
373,61
374,61
375,61
376,61
378,61
379,61
380,61
381,61
383,61
384,61
385,60
386,60
388,60
390,60
392,59
393,59
395,59
396,58
398,58
400,58
401,58
403,56
405,56
407,54
409,53
411,51
413,50
415,49
416,48
418,47
418,46
420,46
420,45
422,44
423,43
423,42
425,41
426,39
427,39
428,38
429,37
431,36
432,35
433,34
435,33
436,31
437,31
438,31
440,30
442,29
444,29
445,28
447,27
448,27
449,26
450,26
451,25
452,25
453,24
454,23
455,23
456,23
457,22
457,21
459,21
460,21
461,21
462,20
464,19
466,19
467,19
469,18
470,17
472,17
473,17
474,16
476,16
476,15
477,14
479,13
480,12
481,12
481,11
481,10
482,10
483,9
484,9
485,8
486,8
486,7
487,7
488,6
488,5
489,5
489,4
490,4
491,4
492,4
492,3
492,2
493,2
494,0
496,0
497,0
499,-1
501,-1
502,-1
503,-2
504,-2
505,-3
506,-3
507,-3
508,-3
508,-4
510,-5
512,-5
512,-6
513,-6
513,-8
514,-10
