5,239
6,237
8,234
9,232
10,230
11,226
13,222
15,219
16,214
17,210
19,207
20,205
22,202
23,199
24,197
25,193
25,191
26,189
27,185
28,183
29,181
30,180
32,178
33,177
33,175
34,173
35,170
37,167
37,165
39,161
40,157
41,153
41,150
43,146
45,142
46,138
47,134
49,130
50,127
51,124
52,122
53,121
54,121
55,121
55,120
57,117
59,113
64,107
66,98
68,88
71,80
75,74
77,71
79,64
81,59
83,52
86,47
86,43
87,40
88,36
89,32
91,30
91,28
93,27
93,26
93,24
93,23
93,21
94,19
95,18
96,16
97,16
97,15
97,14
97,13
98,13
100,13
101,12
101,11
102,11
103,11
104,11
105,11
106,12
107,13
108,14
108,15
109,16
110,16
111,17
111,18
112,18
112,19
113,21
113,23
114,23
115,24
115,25
115,26
116,27
116,28
117,29
118,29
118,30
118,31
118,32
119,33
119,34
119,35
119,37
119,38
119,40
120,41
120,43
120,44
120,45
120,46
120,48
120,49
120,50
120,51
120,53
120,54
120,55
120,58
120,59
120,61
120,62
120,65
120,66
120,67
120,69
120,70
120,71
121,73
121,75
121,76
121,78
121,79
121,80
121,83
121,86
121,88
121,92
121,95
121,99
121,101
121,104
121,105
121,107
121,109
121,110
121,111
121,112
121,113
121,114
121,116
121,117
121,120
121,121
121,124
121,125
121,127
121,129
121,131
121,132
121,134
121,136
121,139
121,140
121,142
121,143
121,145
121,146
121,147
121,149
121,151
121,152
121,154
121,155
121,156
122,157
122,158
123,160
123,161
123,163
123,164
124,166
125,168
126,169
126,171
126,172
127,173
128,174
128,176
128,178
130,179
131,181
131,183
132,184
133,185
133,186
134,187
135,188
135,189
137,190
138,191
139,193
140,194
141,195
141,196
142,198
143,200
145,201
145,203
146,203
146,205
147,205
148,205
148,206
149,206
150,206
152,206
153,206
154,206
155,206
156,205
156,204
157,202
158,201
159,199
160,198
160,196
161,196
162,195
163,194
164,193
165,191
165,190
165,189
165,188
166,188
166,187
167,186
167,184
167,183
168,182
168,180
169,179
169,178
169,177
170,175
170,174
171,174
171,173
171,171
172,171
172,169
173,168
174,168
175,167
175,166
176,165
177,164
177,163
178,162
180,162
180,161
181,160
182,160
182,159
183,159
184,158
184,157
185,156
187,156
188,154
189,154
190,154
192,154
193,153
195,153
196,153
197,153
199,153
200,153
201,154
201,155
202,156
202,157
203,159
204,160
204,161
204,163
204,165
204,168
205,169
206,171
206,173
206,174
206,176
206,178
206,179
206,181
206,182
206,183
206,184
206,185
206,186
206,187
206,188
206,189
207,190
207,191
209,192
210,193
211,195
211,196
212,197
214,198
216,199
217,200
218,200
219,200
221,200
222,200
223,200
224,200
225,200
226,200
227,199
227,198
228,198
228,195
228,193
228,191
228,189
228,187
228,184
228,182
228,179
228,178
228,176
228,174
228,173
228,171
228,169
228,168
228,166
228,164
228,163
229,162
229,161
231,159
232,157
234,157
235,156
236,156
237,155
239,155
239,154
241,152
242,152
243,152
244,151
245,151
246,151
247,151
248,151
249,151
250,151
251,151
253,151
253,152
253,153
253,154
254,156
254,157
255,158
255,159
256,160
256,161
257,161
258,163
258,164
258,166
258,169
258,170
259,173
259,174
259,176
259,178
259,179
259,180
260,181
260,183
260,184
260,185
261,186
261,187
261,188
261,189
262,190
262,191
262,193
262,194
262,195
262,196
263,197
264,198
265,198
266,198
266,200
267,200
267,201
268,202
268,203
269,204
270,205
270,206
270,207
270,208
271,210
272,211
272,213
273,213
273,214
273,215
274,216
274,217
274,218
275,220
275,221
275,222
275,223
276,223
276,224
276,225
277,225
278,226
278,227
278,228
279,229
279,230
280,230
280,231
280,232
281,233
281,234
281,235
282,235
283,235
283,236
283,237
284,237
285,237
285,238
286,239
287,239
288,240
288,241
289,241
290,241
292,241
293,241
294,241
295,241
296,241
297,241
298,241
299,241
300,241
301,241
302,241
303,241
304,241
305,241
306,241
307,241
308,241
309,241
310,240
311,240
312,239
312,237
313,237
314,235
315,235
315,234
315,233
317,232
318,232
318,230
318,229
319,228
319,227
320,226
320,225
320,224
320,222
322,221
322,220
322,218
322,217
322,216
323,215
323,214
324,213
324,212
324,211
324,210
324,208
325,207
325,206
325,205
326,203
327,203
327,201
328,201
329,200
330,199
331,198
332,197
332,196
332,195
332,194
332,193
335,193
335,192
335,191
335,190
335,189
335,188
335,187
335,186
335,185
335,184
335,183
335,181
335,178
335,177
335,176
335,174
335,173
335,171
335,170
335,169
335,168
335,167
335,166
336,165
336,164
337,164
337,163
337,162
337,161
337,160
337,159
337,158
337,157
337,156
337,154
337,152
338,152
338,151
338,150
338,149
338,147
338,145
338,144
338,143
338,142
338,141
338,140
338,139
338,138
338,136
339,136
339,135
339,134
339,133
339,132
339,131
339,130
340,129
341,127
342,127
342,126
342,125
342,124
342,123
343,122
344,122
345,122
345,120
346,119
346,117
347,117
347,115
348,115
349,115
350,114
350,113
350,112
350,111
351,110
352,110
352,109
353,109
354,108
355,107
357,107
357,106
357,105
358,105
359,104
362,104
362,103
362,102
362,101
362,100
362,99
362,97
362,96
362,95
362,94
362,93
363,92
363,91
364,90
367,89
367,88
367,87
367,86
367,85
367,84
367,83
367,82
367,80
367,79
367,78
368,77
368,75
368,73
368,72
368,70
368,69
368,67
369,67
369,66
369,65
369,64
369,63
369,62
369,61
369,60
369,59
369,58
370,57
370,55
371,55
371,54
371,53
371,51
371,50
371,49
372,48
372,46
372,45
372,43
372,41
372,40
372,39
372,36
372,35
373,33
373,31
376,31
376,30
377,29
377,28
377,26
377,25
377,24
377,23
377,21
379,21
381,21
384,21
384,20
384,19
384,18
384,17
384,16
384,14
384,13
384,12
384,11
384,10
384,9
385,9
385,8
386,7
386,6
387,6
388,5
389,5
390,4
391,4
392,3
393,2
394,2
395,2
396,2
397,2
398,2
398,1
399,1
400,1
401,1
402,1
403,1
404,1
404,3
405,3
406,3
407,4
408,5
409,6
410,6
411,7
411,8
412,9
413,10
413,11
414,11
414,12
415,13
415,14
416,14
417,16
418,17
418,18
419,20
419,21
420,22
421,23
422,24
422,26
423,26
423,28
424,28
424,30
424,31
424,32
424,33
425,34
426,36
426,37
426,38
427,40
427,42
428,44
428,46
428,49
428,51
429,53
429,55
429,56
430,57
430,58
430,60
430,61
431,64
431,67
431,70
431,73
431,77
431,81
431,83
431,87
431,89
431,91
431,92
431,94
431,96
430,98
430,100
430,101
430,102
430,104
430,107
430,108
430,111
430,113
430,114
429,117
429,118
429,120
428,121
428,123
428,124
428,126
428,127
428,128
428,129
428,130
428,131
427,132
427,134
427,136
426,137
426,139
426,140
426,143
426,144
426,146
426,148
425,149
424,151
424,152
424,154
424,156
424,158
424,159
424,161
424,162
424,164
424,165
424,166
424,167
424,169
424,170
424,173
424,175
424,176
424,178
424,180
424,182
425,183
425,184
426,185
426,186
427,187
428,189
428,190
429,190
430,192
430,193
431,194
431,197
432,198
433,199
434,200
435,201
435,203
436,204
436,205
437,207
438,208
438,209
440,210
440,211
440,212
441,212
442,213
443,213
444,214
445,214
446,215
448,215
449,215
450,215
451,215
452,215
454,215
455,215
456,216
457,216
461,217
464,217
465,217
466,217
467,217
468,217
468,215
468,214
468,213
468,212
468,211
468,210
468,208
470,207
472,206
472,205
472,204
473,204
473,203
474,202
474,201
474,200
474,199
474,198
475,197
475,196
475,195
475,193
475,192
475,191
475,190
475,189
475,188
475,187
475,186
475,184
475,183
476,181
476,180
476,179
476,178
476,176
476,175
476,173
476,171
476,170
475,169
475,168
475,166
474,165
473,165
473,163
472,163
472,161
471,161
471,160
470,159
470,158
469,157
469,156
469,154
468,154
468,153
468,152
468,151
468,149
468,148
468,147
468,146
468,144
468,143
468,142
468,141
468,140
468,138
468,137
468,136
468,135
468,134
468,133
468,132
468,131
468,130
468,129
468,128
468,127
468,126
468,125
468,124
468,123
468,122
468,121
470,121
470,120
470,119
470,118
470,117
471,117
472,117
472,116
473,116
473,115
474,115
475,114
476,114
477,114
478,114
478,113
479,113
480,113
481,113
482,113
483,113
484,113
487,113
488,113
492,113
493,113
493,114
494,114
494,115
495,115
495,116
495,117
498,117
499,117
499,121
